0.0702929
0.0812242
0.0692298
0.070549
0.070425
0.0710342
0.070554
0.0703251
0.0717788
0.0707381
0.0705309
0.0705009
0.0705659
0.0702929
0.0703189
0.0702322
0.0702479
0.0704441
0.070502
0.0745389
0.070338
0.0703869
0.0700102
0.070282
0.0702031
0.0647509
0.0701201
0.0645568
0.0702951
0.0645511
0.070379
0.064373
0.0702119
0.064682
0.0704131
0.064343
0.0700569
0.0647111
0.0702379
0.06428
0.070353
0.0643561
0.074405
0.0652549
0.070183
0.064455
0.0701292
0.064657
0.070364
0.0645511
0.0704429
0.0647089
0.07005
0.0642622
0.0703819
0.064405
0.070204
0.0644081
0.0701129
0.064647
