0.01263
0.0110378
0.011018
0.010937
0.0112851
0.011296
0.0110791
0.0109429
0.01106
0.0106699
0.0106239
0.010716
0.010664
0.0106289
0.01069
0.0107069
0.0106761
0.0106158
0.0108559
0.010643
0.0105231
0.0106082
0.0107532
0.0105262
0.010756
0.0110121
0.0106449
0.0107479
0.010956
0.010715
0.0105789
0.01053
0.010458
0.01068
0.0108659
0.0104592
0.0104911
0.010457
0.0108118
0.0112569
0.0110149
0.011327
0.0114539
0.0112059
0.011009
0.0109429
0.011384
0.0112429
0.0113399
0.011204
0.0108609
0.01086
0.0107782
0.0113831
0.0110002
0.010958
0.0109069
0.0107639
0.0109119
0.010484
0.0104671
0.010489
0.0105791
0.0104899
0.0106552
0.0108912
0.0105081
0.0104389
0.0104871
0.0104399
0.010453
0.0104949
0.0105109
0.010927
0.0110459
