0.0127718
0.0119979
0.011507
0.011018
0.010643
0.010838
0.010365
0.0105219
0.0109479
0.010721
0.011138
0.0106161
0.0108838
0.0107071
0.011183
0.0112119
0.011085
0.0109539
0.0108459
0.01068
0.0106359
0.0107472
0.010648
0.0106289
0.010896
0.0108631
0.010772
0.0110261
0.0116
0.0106699
0.0108309
0.0106609
0.010432
0.010833
0.011085
0.010633
0.0108371
0.010812
0.010349
0.010499
0.0115371
0.011786
0.0106111
0.0115111
0.011291
0.0103621
0.010792
0.0110941
0.0106652
0.0106051
0.0103979
0.010663
0.0105441
0.010632
0.0109382
0.0106459
0.0108089
0.0103972
0.0105529
0.0104718
0.0105801
0.0108569
0.011061
0.010371
0.0103149
0.0104139
0.0109921
0.0111561
0.010901
0.01086
0.0108368
0.0110919
0.0111151
0.0106452
0.0104959
0.010757
0.0106189
0.010375
0.0105598
0.010942
