0.0816381
0.0772731
0.075871
0.0750759
0.074867
0.0749321
0.0753319
0.075027
0.0750191
0.074918
0.0748529
0.075778
0.074893
0.074631
0.075628
0.0769138
0.0770919
0.0751359
0.0752661
0.074682
0.0748761
0.0759509
0.0754249
0.0747571
0.0746388
0.0746951
0.0749431
0.0748632
0.075392
0.0767901
0.074954
0.0754201
0.0750189
0.0749528
0.0749462
0.074949
0.0748029
0.0750749
0.075135
0.0761909
0.0748239
0.0750451
0.074563
0.0747211
0.075455
0.0757351
0.0753679
0.0747409
0.0750749
0.074702
0.0747402
0.0747008
0.0745571
0.075295
0.0765541
0.075032
0.0827999
0.074775
0.0749509
0.0750201
0.0746951
0.0749969
0.0748441
0.0789449
0.0763881
0.07531
0.074996
0.0748179
0.0747712
0.0751719
0.075027
0.075242
0.0749171
0.0744989
0.0749459
0.074765
0.0747342
0.074894
0.0746439
0.0751009
0.0759811
0.075876
0.0755181
0.0748799
0.07463
0.074899
0.0746779
0.074693
0.0746701
0.0745561
0.0747881
0.0751929
