0.00167608
0.00190902
0.00114202
0.00145698
0.00147986
0.0016191
0.00149608
0.00145316
0.00160193
0.00146294
0.00145292
0.00152111
0.00156283
0.00152516
0.00153995
0.00156999
0.00150681
0.00147915
0.00149798
0.00145292
0.00160789
0.00164795
0.0015471
0.00144291
0.0015111
0.00150204
0.00148797
0.00151896
0.00145507
0.00144219
0.00160289
0.00150418
0.0014441
0.00159407
0.00170994
0.00147295
0.0014708
0.00144005
0.00158
0.00153279
0.00160813
0.00176692
0.00161505
0.00166297
0.00153089
0.00156403
0.00160098
0.00155115
0.00165391
0.00162315
0.00153112
0.00157595
0.00150394
0.00160193
0.00169396
0.00155997
0.00155497
0.00157499
0.00165296
0.00142217
0.00149989
0.001472
0.00144696
0.00145102
0.00158882
0.0015552
0.00151801
0.00149584
0.00146413
0.00146198
0.00145197
0.00145292
0.00149608
0.00159311
0.00157309
