0.0753689
0.0105679
0.0105481
0.0105941
0.0106969
0.0106499
0.0106499
0.0105851
0.0105879
0.010541
0.010752
0.010973
0.011003
0.0107379
0.010617
0.0105839
0.01051
0.010675
0.010607
0.010618
0.010555
0.0107701
0.010505
0.0105541
0.0102749
0.0106301
0.0103121
0.010443
0.010334
0.010247
0.010313
0.0103869
0.010272
0.010386
0.0105529
0.0116138
0.0106578
0.0106299
0.0110469
0.0109289
0.011018
0.0106411
0.0107069
0.0105648
0.0109601
0.0108609
0.0106409
0.010607
0.0108769
0.010716
0.0106499
0.0108318
0.0105991
0.011272
0.010628
0.0105629
0.010607
0.0105991
0.0106289
0.010565
0.0106351
0.0114889
0.010963
0.0105531
0.0105779
0.010514
0.0109451
