0.106028
0.108573
0.120637
0.112505
0.105923
0.131496
0.130929
0.130402
0.131591
0.13031
0.130201
0.17696
0.130428
0.130321
0.130469
0.103983
0.103907
0.104112
0.103822
0.103939
0.124432
0.108232
0.112501
0.105646
0.115705
0.114477
0.112719
0.107835
0.106989
0.105893
0.105719
0.106169
0.105814
0.105805
0.114164
0.112554
0.105759
0.115808
0.132017
0.130273
0.104094
0.104817
0.104125
0.103868
0.104268
0.103816
0.104377
0.104864
0.103828
0.104059
0.104486
0.104033
0.104973
0.10383
0.104537
0.106223
0.105615
0.10566
0.105697
0.120325
0.103908
0.106218
0.104116
0.103982
0.104354
0.103894
0.103979
0.103952
0.104053
0.104739
0.104399
0.103903
0.103838
0.104198
0.104142
0.104074
0.10377
0.103913
0.10431
0.103849
0.105196
0.103806
0.104377
0.104545
0.103915
0.104214
0.104175
0.104334
0.131806
0.132581
0.130447
0.130337
0.131278
0.131835
0.113546
0.10381
0.105042
0.10421
0.103883
0.104105
0.103742
0.105847
0.104054
0.10384
0.103704
0.103918
0.104407
0.103803
0.103982
0.109354
0.103933
0.104183
0.103924
0.104116
0.104909
0.103877
0.103748
0.103898
0.103998
