0.0140941
0.011832
0.011673
0.015316
0.0168772
0.0152819
0.0153041
0.0179672
0.0143142
0.0117021
0.0162139
0.012042
0.0144191
0.01192
0.0117371
0.0122061
0.015753
0.0134869
0.0170841
0.015203
0.0148559
0.011564
0.0180008
0.0119691
0.0136828
0.0112839
0.0169678
0.0172029
0.0117161
0.017077
0.0117269
0.0167148
0.014647
0.01176
0.011595
0.0149319
0.0118709
0.0171301
0.0123899
0.0151911
0.015255
0.015547
0.0118041
0.01191
0.0143151
0.0171809
0.017132
0.0141258
0.0121009
0.014883
0.0204921
0.0161831
0.011981
0.00865006
0.0139699
0.0140049
