0.012795
0.011035
0.0163729
0.010736
0.0117879
0.0117199
0.0108089
0.010618
0.0106401
0.01068
0.0110221
0.0105979
0.0106492
0.010618
0.01071
0.010747
0.010942
0.0106828
0.0106251
0.0106659
0.0106292
0.010709
0.010798
0.0106301
0.0105801
0.0105739
0.0106521
0.010654
0.0107169
0.010694
0.0107079
0.0107739
0.010818
0.0107179
0.0106652
0.0106728
0.0106568
0.010705
0.0107582
0.01074
0.0107841
0.0106819
0.0107262
0.0106971
0.010654
0.0107729
0.010972
0.0107088
0.0106781
0.0107439
0.0107682
0.0108979
0.0107279
0.0106611
0.0106661
0.010824
0.0107019
0.0106289
0.010608
0.010608
0.010633
0.010663
0.0107322
0.0110691
0.0106399
0.0106499
0.0106208
0.0106571
0.0108051
0.010829
0.0106549
0.0105879
0.0106649
0.010757
0.0108311
0.0107081
0.0107179
0.010679
0.010798
0.010834
0.0106761
0.010711
0.0106499
0.010623
0.01074
0.0107341
0.0106401
0.0106399
0.0106411
0.0107
0.0107269
0.0106981
0.011065
0.0106981
0.0106499
0.0106499
0.0107272
0.010694
0.0106289
0.0106289
0.0107121
0.0107319
0.0110269
0.0107038
0.010983
0.0106659
0.0106208
0.0106652
0.0106859
0.0110312
0.010596
0.0105519
0.0106699
0.010601
0.0106609
0.0109632
0.0106812
0.010648
0.010587
0.010654
0.010695
0.010705
0.010576
0.0105898
