0.00159121
0.00152183
0.00137091
0.00169897
0.00150204
0.00148296
0.00169086
0.00149894
0.00149703
0.00146699
0.0015049
0.00151587
0.00148892
0.00148296
0.00145292
0.00148702
0.00149393
0.00159192
0.0015099
0.00150108
0.00148201
0.00150704
0.00149703
0.00157189
0.00148106
0.00150204
0.00148916
0.00148892
0.00149488
0.00155497
0.00146484
0.00145721
0.00146294
0.00147104
0.00157809
0.00147581
0.00146103
0.00146103
0.00149894
0.00145292
0.00160789
0.00146413
0.0014801
0.00146294
0.00146794
0.00150394
0.00150514
0.00145698
0.00149298
0.00149608
0.00152397
0.00149512
0.00148416
0.001477
0.00145292
0.00146198
0.00148797
0.00152802
0.001508
0.00149179
0.00148392
0.00149393
0.00146413
0.00151086
0.00153399
0.00146794
0.00145507
0.00145411
0.00150394
0.00149107
0.00149798
0.001508
0.00150013
0.00149822
0.00147796
0.00146294
0.00148106
0.00148487
0.00150394
0.00149703
0.00149202
0.00145292
0.00148201
0.0014751
0.00150204
0.0014782
0.00150084
0.00147986
0.00146508
0.00146317
0.00146699
0.00147581
0.00156498
0.00146389
0.0014708
0.00145912
0.00146198
0.00146103
0.00158715
0.00145698
0.00146914
0.00146008
0.00146008
0.00147295
0.00182891
0.001513
0.00146818
0.00149012
0.00152493
0.00151491
0.00149107
0.00148916
0.00151014
0.00149298
0.00149703
0.00151515
0.00146103
0.00144792
0.00149703
0.00149107
0.00151801
0.00149012
0.00156713
0.00148201
