1.25583
1.23645
1.23598
1.23543
1.23579
1.23528
1.23522
1.23601
1.23579
1.23497
1.23995
1.23684
1.29881
1.23777
1.23711
1.23814
1.2372
1.2403
1.23854
1.23973
1.23865
1.23868
1.2385
1.23867
1.23863
1.23881
1.23988
1.23768
1.23604
1.23592
1.23653
1.23587
1.23573
1.23582
1.23588
1.23705
1.23573
1.23577
1.23579
1.23601
1.23657
1.23582
1.2357
1.23579
1.2406
1.23661
1.23569
1.23601
1.23578
1.23588
1.23665
1.23623
1.23614
1.23693
1.23587
1.23638
1.2357
1.23587
1.23671
1.23584
1.23659
1.23572
1.23576
1.2365
1.23572
1.23562
1.23593
1.24044
1.23657
1.2357
1.23593
1.23571
1.2358
1.23939
1.23574
1.23578
1.23571
1.23594
1.23667
1.23548
1.236
1.23581
1.23585
1.23665
1.23608
1.23569
1.24055
1.23582
1.23695
1.23574
1.2358
1.23663
1.23573
1.23731
1.2363
1.23555
1.23646
1.23572
1.23651
1.23583
1.23579
1.23677
1.23601
1.23568
1.23598
1.23569
1.23672
1.23564
1.2407
1.23578
1.23593
1.23669
1.2359
1.23607
1.23585
1.23568
1.23685
1.23563
1.23588
1.23572
1.23588
1.23664
1.23582
1.26382
1.25794
1.23878
1.24327
1.27304
1.25364
1.24432
1.23727
1.23583
1.29504
1.28381
1.23541
1.28605
1.28641
1.25488
1.23519
1.25917
1.26644
1.24717
1.24604
1.25115
1.24361
1.29189
1.412
1.28509
1.2396
1.23754
1.23683
1.26184
1.31484
1.46698
1.24033
1.24182
1.256
1.28266
1.25559
1.25988
1.24001
1.23996
1.24111
1.30713
1.25915
1.2927
1.25036
1.24551
1.26732
1.29008
1.27954
1.23707
1.24062
1.26871
1.25748
1.23442
1.24173
1.23628
1.23585
1.23772
1.23491
1.24573
1.2368
1.23698
