0.646752
0.630867
0.63189
0.6313
0.628364
0.62823
0.627895
0.631448
0.629704
0.628938
0.630858
0.628671
0.634148
0.628298
0.630813
0.628237
0.632627
0.631283
0.627798
0.626685
0.628447
0.628267
0.62857
0.63253
0.63138
0.631383
0.63169
0.631572
0.631188
0.633394
0.762441
0.795738
0.632348
0.631485
0.632555
0.631922
0.633107
0.627247
0.629161
0.631004
0.6349
0.630963
0.631614
0.772872
0.791202
0.755546
0.630675
0.63135
0.63115
0.63112
0.631508
0.631752
0.631542
0.631537
0.62793
0.63123
0.632124
0.630928
0.63144
0.631943
0.630886
0.631191
0.780116
0.631168
0.631391
0.632038
0.631305
0.631135
0.630931
0.631485
0.628165
0.632199
0.631554
0.632838
0.63082
0.633924
0.634537
0.633408
0.634858
0.632952
0.632756
0.630998
0.631436
0.631878
0.714209
0.675649
0.62763
0.630893
0.631215
0.632681
0.631533
0.630818
0.631056
0.631666
0.631067
0.635194
0.631028
0.632624
0.631857
0.632035
0.630723
0.631825
0.627374
0.630858
0.631333
0.63104
0.631023
0.631714
0.635147
0.630555
0.630982
0.631211
0.631884
0.631097
0.630452
0.631018
0.631352
0.631182
0.631682
0.631063
0.63046
0.631657
0.631359
0.631557
0.631853
0.631653
0.631479
0.633024
0.632065
0.630947
0.631136
0.631547
0.632079
0.631612
0.63292
0.632281
0.633059
0.636549
0.635714
0.631647
0.634272
0.630102
0.631567
0.629973
0.635674
0.633822
0.632862
0.632696
0.635408
0.631162
0.627088
0.631363
0.630841
0.631112
0.631277
0.631691
0.633078
0.630976
0.630307
0.630676
0.633582
0.703093
0.796216
0.632046
0.659067
0.631719
0.762686
0.759756
0.634024
0.630333
0.631097
0.631167
0.631267
0.631363
0.63137
0.631538
0.631187
0.638004
0.632483
0.630776
0.631081
0.631892
0.632388
0.63072
0.636805
0.631852
0.63384
0.634205
0.710145
0.631033
0.631769
0.632899
0.631221
0.631398
0.631413
0.630178
0.631219
0.63072
0.631083
0.631095
0.631397
0.631202
0.632515
0.631254
0.631236
0.631416
0.631391
0.631593
0.631264
0.630804
0.631943
0.631157
0.631149
0.631353
0.627337
0.63148
0.631309
0.631002
0.63061
0.6317
0.631259
0.631423
0.631553
0.631361
0.630906
0.630899
0.631477
0.630963
0.631823
0.630954
0.631201
0.632435
0.631097
0.631326
0.630681
0.631326
0.630801
0.631604
0.631592
0.631042
0.631675
0.631648
0.630969
0.796304
0.782724
0.766974
0.79623
0.631606
0.639547
0.635928
0.631807
0.630133
0.632293
0.632068
0.631886
0.635057
0.630146
0.633872
0.630661
0.631093
0.631795
0.630366
0.630654
0.630166
0.632302
0.742269
0.630171
0.632901
0.631684
0.631294
0.632599
0.632423
0.6314
0.631558
0.631888
0.631189
0.630653
0.631692
0.63062
0.632913
0.631451
0.631689
0.631555
0.631288
0.632462
0.682747
0.796301
0.796255
0.632056
0.632231
0.631482
0.631
0.631674
0.631506
0.631332
0.631201
0.630641
0.631164
0.63212
0.633068
0.631341
0.632773
0.630428
0.630907
0.630607
0.631473
0.630666
0.630934
0.632067
0.631197
0.631052
0.630897
0.632552
0.63134
0.630938
0.630918
0.630514
0.632341
0.632315
0.631776
0.631412
0.631289
0.631954
0.630596
0.63109
0.630814
0.63128
0.63076
0.631404
0.630797
0.631253
0.63112
0.631184
0.631608
0.630705
0.631238
0.631583
0.631094
0.63049
0.631179
0.630848
0.630335
0.630919
0.630652
0.630113
0.637566
0.630456
0.631257
0.631339
0.631788
0.631804
0.63121
0.631568
0.631105
0.631195
0.629761
0.794572
0.692025
0.718197
0.684919
0.63089
0.763518
0.782995
0.789558
0.630382
0.630405
0.630496
0.630256
0.630852
0.630718
0.631033
0.631409
0.631874
0.790768
0.630799
0.633102
0.632312
0.630998
0.63086
0.631423
0.630558
0.631825
0.631759
0.632502
0.631422
0.630577
0.632147
0.631227
0.631286
0.632019
0.63196
0.631356
0.631835
0.631889
0.631184
0.631397
0.631622
0.632019
0.63077
0.631418
0.630699
0.632021
0.630352
0.631761
0.63162
0.631119
0.627311
0.630968
0.630889
0.631632
0.631941
0.631435
0.630804
0.631749
0.631086
0.630748
0.632044
0.631806
0.631574
0.631864
0.631644
0.632187
0.631511
0.63107
0.630981
0.631708
0.632013
0.631903
0.63128
0.632095
0.631545
0.632511
0.63217
0.631836
0.631633
0.631434
0.631612
0.631665
0.631569
0.631383
0.631076
0.631199
0.631694
0.63191
0.631002
0.630657
0.630956
0.632366
0.632182
0.6313
0.631231
0.631865
0.631423
0.632172
0.632311
0.631512
0.630914
0.6316
0.632052
0.632186
0.631679
0.632147
0.632032
0.631724
0.631586
0.63169
0.631723
0.631076
0.631469
0.631989
0.63257
0.775145
0.79428
0.631382
0.631783
0.632544
0.630632
0.631298
0.631137
0.631226
0.631277
0.633172
0.631849
0.632071
0.632217
0.632292
0.632661
0.631472
0.631646
0.632409
0.631137
0.633287
0.631749
0.632003
0.630314
0.630487
0.630278
0.630594
0.632325
0.635082
0.630598
0.640364
0.630705
0.63117
0.630853
0.630587
0.630878
0.631618
0.634099
0.631177
0.630514
0.629694
0.628921
0.774389
0.631085
0.632079
0.630952
0.631433
0.63083
0.6315
0.784705
0.632365
0.63137
0.631504
0.631729
0.630551
0.630827
0.631117
0.63158
0.631217
0.631312
0.63129
0.63083
0.630667
0.630799
0.631227
0.630671
0.631039
0.63086
0.632004
0.630917
0.631662
0.630492
0.631274
0.631105
0.630785
0.631645
0.642894
0.631906
0.632211
0.632267
0.631981
0.631068
0.631436
0.631801
0.632924
0.63138
0.637096
0.631555
0.632873
0.6317
0.79596
0.79591
0.631096
0.79655
0.804024
0.632203
0.796114
0.633562
0.728937
0.755951
0.776315
0.794577
0.631293
0.63239
0.631087
0.631846
0.630489
0.631304
0.634365
0.631274
0.631289
0.764635
0.633331
0.806103
0.631405
0.631008
0.631893
0.631747
0.636349
0.631313
0.632367
0.63159
0.630745
0.630429
0.630324
0.631299
0.630657
0.63066
0.630527
0.630949
0.630758
0.630929
0.630096
0.629918
0.6312
0.6304
0.631036
0.630963
0.630731
0.6311
0.630595
0.631047
0.632707
0.633223
0.631758
0.631459
0.631446
0.632343
0.632533
0.631982
0.632159
0.632079
0.633666
0.632672
0.631987
0.63244
0.633158
0.631608
0.632153
0.632007
0.630977
0.631404
0.63221
0.632209
0.635808
0.631781
0.78389
0.765284
0.631477
0.631598
0.631371
0.632077
0.631914
0.631594
0.633845
0.632157
0.63226
0.631056
0.631364
0.631046
0.631357
0.632257
0.630665
0.631222
0.631054
0.631868
0.63087
0.630948
0.721212
0.804556
0.794696
0.631553
0.631149
0.631908
0.631747
0.631336
0.63124
0.631192
0.631882
0.631309
0.63199
0.630867
0.632001
0.631359
0.631648
0.632
0.63146
0.631325
0.631256
0.631624
0.631107
0.631032
0.631955
0.631611
0.631103
0.631012
0.784025
0.639794
0.692785
0.632559
0.641689
0.632159
0.631818
0.630996
0.63051
0.630218
0.630541
0.630878
0.630132
0.630566
0.631118
0.629855
0.631489
0.631387
0.631471
0.630068
0.630613
0.642978
0.631506
0.778509
0.794109
0.701251
0.760158
0.631971
0.631978
0.631318
0.632765
0.631852
0.633392
0.633392
0.632601
0.633441
0.63274
0.631604
0.633699
0.633202
0.631419
0.630953
0.631168
0.63108
0.631751
0.631608
0.631793
0.632076
0.631285
0.631105
0.630822
0.631372
0.631317
0.631201
0.630801
0.630933
0.631415
0.630502
0.647847
0.731345
0.639194
0.631884
0.63188
0.630668
0.631939
0.632006
0.631543
0.631426
0.631353
0.632025
0.631721
0.631883
0.631427
0.631402
0.6311
0.630743
0.633167
0.631432
0.632037
0.632409
0.631387
0.631835
0.632183
0.631825
0.630772
0.632637
0.631129
0.630874
0.630685
0.631469
0.631972
0.631185
0.630611
0.633553
0.6312
0.630723
0.63148
0.631403
0.631504
0.630918
0.630985
0.630683
0.631411
0.630525
0.63658
0.630309
0.629852
0.631155
0.631094
0.632609
0.63124
0.65993
0.638222
0.637537
0.636763
0.636778
0.637471
0.631113
0.631526
0.632312
0.631432
0.631281
0.630511
0.631972
0.631001
0.631092
0.634542
0.630662
0.631701
0.632741
0.631236
0.631457
0.631522
0.631348
0.630311
0.631626
0.631118
0.631249
0.627242
0.625954
0.627863
0.626826
0.634146
0.631894
0.631522
0.630825
0.631018
0.632554
0.63147
0.637307
0.631557
0.631474
0.631516
0.631294
0.632972
0.631639
0.63216
0.631432
0.63169
0.632001
0.633399
0.630999
0.635898
0.632755
0.795513
0.632518
0.633499
0.631874
0.631904
0.630422
0.631644
0.631571
0.631401
0.64125
0.631319
0.634375
0.663999
0.631835
0.633138
0.678863
0.688202
0.632428
0.633087
0.630878
0.700708
0.630855
0.631929
0.631583
0.631032
0.631308
0.631156
0.631785
0.631821
0.631111
0.632706
0.631377
0.63029
0.632916
0.630733
0.63148
0.63117
0.631688
0.631219
0.631606
0.631505
0.631204
0.631122
0.630397
0.632381
0.630885
0.630979
0.631222
0.633538
0.639311
0.693736
0.631037
0.635767
0.630824
0.633226
0.631659
0.642306
0.632205
0.634067
0.631229
0.631822
0.630245
0.630614
0.634663
0.630595
0.630753
0.634875
0.632039
0.63154
0.63088
0.637901
0.630608
0.634062
0.631988
0.630504
0.631291
0.631354
0.631542
0.630894
0.630203
0.631547
0.636037
0.633932
0.631005
0.627477
0.6267
0.642517
0.64469
0.633731
0.633372
0.63155
0.63095
0.631065
0.631484
0.629334
0.632182
0.631304
0.777323
0.631351
0.630471
0.630947
0.630585
0.630608
0.630573
0.631605
0.631509
0.631135
0.631506
0.630803
0.631016
0.6305
0.631621
0.630817
0.630793
0.631161
0.631195
0.631104
0.63094
0.792875
0.771567
0.793938
0.630789
0.630484
0.630508
0.630792
0.632753
0.632248
0.631246
0.630837
0.631647
0.631232
0.630724
0.631654
0.630611
0.629938
0.630456
0.632478
0.631343
0.631079
0.630574
0.631173
0.632308
0.639831
0.63037
0.623943
0.684085
0.627694
0.618059
0.621781
0.622139
0.622385
0.624539
0.757414
0.625626
0.630698
0.630981
0.630071
0.630349
0.631154
0.631282
0.63084
0.631501
0.630428
0.631472
0.630615
0.630761
0.630998
0.631216
0.632259
0.631264
0.631033
0.62984
0.631276
0.631347
0.630928
0.63063
0.631333
0.631301
0.631986
0.631196
0.630262
0.630437
0.630131
0.630823
0.630502
0.631376
0.631455
0.630757
0.631948
0.638758
0.632237
0.640207
0.630826
0.630431
0.631528
0.629135
0.635746
0.619408
0.661686
0.633329
0.631961
0.630294
0.749556
0.770604
0.630898
0.77914
0.755237
0.630938
0.796308
0.631669
0.630815
0.630891
0.630878
0.631042
0.630275
0.631404
0.630862
0.631157
0.630322
0.631264
0.632477
0.631638
0.630604
0.631532
0.632609
0.630599
0.631885
0.642218
0.629272
0.632566
0.631041
0.631323
0.630985
0.796826
0.631111
0.794156
0.793805
0.630778
0.794377
0.631129
0.753947
0.777401
0.795898
0.794918
0.630847
0.630976
0.63105
0.631165
0.631561
0.631693
0.630333
0.631799
0.630309
0.630621
0.630868
0.630561
0.631162
0.631242
0.631284
0.630779
0.630389
0.631125
0.632287
0.630934
0.63091
0.630739
0.631394
0.630703
0.630987
0.631552
0.630477
0.629867
0.630003
0.630485
0.630541
0.630474
0.630925
0.630972
0.631347
0.631325
0.630963
0.630757
0.631593
0.631014
0.631167
0.631372
0.630784
0.630944
0.630806
0.631053
0.630789
0.631046
0.630979
0.630079
0.62972
0.630975
0.631268
0.734442
0.795164
0.630759
0.796663
0.630605
0.794041
0.631156
0.631041
0.794092
0.793744
0.631345
0.630025
0.630066
0.630961
0.630649
0.631468
0.630645
0.630822
0.631385
0.631059
0.630789
0.630986
0.631403
0.63133
0.630946
0.630982
0.631075
0.630338
0.63097
0.63043
0.631413
0.635988
0.630361
0.630716
0.629936
0.630802
0.631795
0.630762
0.630771
0.631278
0.632962
0.631389
0.628929
0.616514
0.61523
0.638682
0.621286
0.622394
0.622482
0.621468
0.628237
0.630336
0.631359
0.631472
0.631392
0.63153
0.630894
0.631158
0.63131
0.631071
0.631051
0.631181
0.631547
0.632055
0.631156
0.631061
0.63108
0.63036
0.630603
0.62996
0.631182
0.629927
0.630851
0.631175
0.631375
0.63064
0.622397
0.622949
0.623629
0.63017
0.632441
0.63139
0.630571
0.630998
0.630649
0.631439
0.631845
0.632285
0.631499
0.631448
0.631062
0.630717
0.63118
0.754152
0.774332
0.793951
0.794954
0.630292
0.630313
0.763756
0.794135
0.630499
0.635983
0.63124
0.632818
0.632882
0.63274
0.632287
0.633263
0.632861
0.632953
0.633701
0.631932
0.630874
0.737768
0.630776
0.631873
0.632527
0.631833
0.634034
0.63212
0.632636
0.63346
0.786193
0.630297
0.630834
0.702162
0.635628
0.666194
0.632228
0.724723
0.628146
0.616836
0.617442
0.626433
0.629312
0.622324
0.622
0.631673
0.631455
0.629941
0.793727
0.631106
0.630221
0.630668
0.63076
0.63099
0.630895
0.631385
0.630283
0.630626
0.631059
0.631858
0.631433
0.631554
0.631219
0.630384
0.631445
0.631214
0.631454
0.631019
0.630961
0.631191
0.633179
0.630746
0.630159
0.631052
0.630304
0.630981
0.630907
0.631292
0.632198
0.631747
0.631357
0.631349
0.631137
0.796327
0.630489
0.750771
0.77069
0.632185
0.630633
0.796952
0.796513
0.639305
0.717334
0.796271
0.631196
0.728427
0.794784
0.631165
0.758638
0.77876
0.796577
0.763378
0.631637
0.636164
0.631491
0.630211
0.796354
0.772269
0.631007
0.771451
0.796435
0.631193
0.631523
0.754173
0.773481
0.794697
0.796048
0.796388
0.780422
0.670709
0.796766
0.631571
0.630747
0.632227
0.631123
0.631298
0.630669
0.635506
0.758703
0.632113
0.649714
0.630636
0.76865
0.631051
0.773066
0.795272
0.633481
0.79459
0.631251
0.795255
0.794377
0.630671
0.631612
0.631606
0.629155
0.630719
0.630831
0.630565
0.630934
0.631153
0.63097
0.631187
0.630926
0.63064
0.6307
0.63069
0.631528
0.631229
0.63182
0.630777
0.630128
0.630427
0.631157
0.630602
0.630037
0.631026
0.630512
0.629655
0.630935
0.632086
0.631225
0.630454
0.630799
0.630139
0.630916
0.630939
0.629728
0.631112
0.631209
0.631273
0.63101
0.631595
0.630443
0.630719
0.63114
0.629761
0.630546
0.630426
0.630861
0.631129
0.630326
0.630992
0.630612
0.631032
0.630727
0.6309
0.629918
0.630567
0.630093
0.630931
0.630789
0.630458
0.630817
0.6303
0.630551
0.630956
0.630171
0.631252
0.630434
0.631125
0.630333
0.631198
0.630314
0.630912
0.629956
0.631185
0.63199
0.632492
0.633012
0.631764
0.631923
0.635977
0.632656
0.630677
0.631726
0.63202
0.731827
0.630901
0.630574
0.630927
0.63074
0.631647
0.630972
0.631215
0.631834
0.630753
0.631014
0.631606
0.630413
0.631264
0.631311
0.629686
0.631872
0.631093
0.631131
0.631608
0.631612
0.631159
0.731558
0.636173
0.794069
0.630102
0.723803
0.79638
0.631476
0.796006
0.795859
0.630778
0.631757
0.631501
0.631235
0.63132
0.631587
0.631104
0.631035
0.63034
0.630923
0.630347
0.63119
0.631354
0.630914
0.630822
0.630977
0.635696
0.631327
0.645334
0.638749
0.632759
0.633712
0.633039
0.631493
0.630913
0.631603
0.63085
0.630835
0.632238
0.631053
0.631407
0.631219
0.631388
0.631
0.793454
0.794051
0.795805
0.631373
0.63077
0.631175
0.631315
0.63123
0.63119
0.630544
0.630915
0.630406
0.631007
0.634683
0.633589
0.796277
0.656285
0.630423
0.630784
0.630622
0.63136
0.6311
0.631082
0.63086
0.630792
0.630537
0.631231
0.630824
0.631193
0.631695
0.632616
0.632524
0.631204
0.631492
0.631055
0.631142
0.631364
0.631327
0.631405
0.631691
0.632085
0.788189
0.735886
0.794245
0.795936
0.698208
0.634143
0.631188
0.62988
0.632406
0.630477
0.631799
0.631404
0.630655
0.630533
0.631176
0.630948
0.631091
0.630337
0.634181
0.632287
0.636826
0.635588
0.640305
0.632019
0.631936
0.636755
0.709576
0.730606
0.755366
0.630613
0.631076
0.631553
0.631412
0.630695
0.630921
0.630136
0.631767
0.630997
0.632385
0.630454
0.63092
0.631908
0.630848
0.630697
0.743624
0.794719
0.631747
0.631576
0.631292
0.630235
0.79517
0.783896
0.758
0.7937
0.630972
0.631299
0.747258
0.796575
0.630259
0.79416
0.630195
0.710543
0.794322
0.632612
0.631784
0.632772
0.631532
0.631546
0.6315
0.63133
0.639487
0.631102
0.630138
0.631106
0.631496
0.630682
0.630132
0.631149
0.630756
0.629039
0.642006
0.63187
0.630974
0.630981
0.631088
0.631234
0.631323
0.631453
0.631603
0.631144
0.63216
0.631705
0.632182
0.631543
0.631725
0.631377
0.631254
0.631053
0.631376
0.632007
0.63152
0.631621
0.631105
0.632077
0.632901
0.778947
0.699652
0.794482
0.631772
0.630655
0.630562
0.630624
0.631385
0.630107
0.630592
0.631677
0.636447
0.658855
0.631541
0.631361
0.792669
0.794
0.794029
0.638576
0.629981
0.631383
0.63137
0.631475
0.632013
0.630127
0.630857
0.630871
0.630975
0.733042
0.631839
0.630791
0.631426
0.631928
0.630265
0.796063
0.630408
0.795005
0.631175
0.630716
0.630664
0.630498
0.630022
0.630492
0.631136
0.632039
0.631017
0.63134
0.631558
0.631637
0.63117
0.631967
0.631347
0.630793
0.631519
0.632068
0.631002
0.631756
0.6307
0.631687
0.746185
0.652606
0.630069
0.755151
0.775042
0.630482
0.630563
0.630237
0.631507
0.631233
0.630948
0.630505
0.63018
0.630645
0.631512
0.631237
0.630303
0.630796
0.631495
0.631037
0.630513
0.630735
0.630981
0.630962
0.630839
0.630185
0.632162
0.631629
0.630399
0.631156
0.630728
0.630052
0.631017
0.631997
0.631113
0.630695
0.631175
0.631462
0.630788
0.64911
0.631007
0.630884
0.646367
0.725845
0.631525
0.630521
0.631111
0.630931
0.630656
0.631722
0.631591
0.630743
0.632655
0.630859
0.631131
0.641898
0.631897
0.631073
0.630576
0.631699
0.631249
0.631119
0.631627
0.630513
0.631616
0.63072
0.631196
0.6314
0.631437
0.632491
0.709862
0.798947
0.631761
