0.251446
0.248814
0.251296
0.25135
0.307049
0.306967
0.287265
0.273642
0.307011
0.30742
0.251197
0.308325
0.307214
0.251991
0.291251
0.308185
0.308032
0.251514
0.308295
0.307015
0.251447
0.253221
0.250188
0.308058
0.249802
0.24985
0.249032
0.250272
0.251498
0.292284
0.251113
0.24949
0.251363
0.251192
0.249616
0.251045
0.307264
0.251342
0.251451
0.249924
0.251099
0.251371
0.251508
0.251122
0.308031
0.261153
0.251089
0.251541
0.249782
0.249593
0.250299
0.249651
0.25005
0.250211
0.251332
0.24958
0.251459
0.251347
0.249528
0.251136
0.251404
0.251359
