0.088541
0.108052
0.0885129
0.0883241
0.09075
0.088397
0.090867
0.095314
0.110345
0.088315
0.088289
0.088902
0.0910618
0.0916541
0.0884511
0.08847
0.0884631
0.0882781
0.088434
0.088325
0.088424
0.0884092
0.09184
0.0883179
0.0882699
0.088568
0.088469
0.0885739
0.0896821
0.0883291
0.0918229
0.088311
0.0883589
0.0883708
0.088289
0.0883989
0.0883679
0.0883861
0.088326
0.088305
0.0883019
0.0948551
0.0917571
0.0882452
0.0901279
0.088285
0.0882118
0.0882711
0.088275
0.088372
0.0906608
0.088521
0.0902259
0.09041
0.088243
0.0883241
0.0883241
