0.64334
0.626191
0.625343
0.627959
0.671428
0.646599
0.623995
0.683386
0.635585
0.626726
0.628643
0.627651
0.625805
0.632269
0.628105
0.627982
0.631061
0.628085
0.62794
0.632341
0.752509
0.624061
0.623963
0.693279
0.62366
0.634782
0.627375
0.746863
0.624428
0.693961
0.66068
0.624247
0.624442
0.624305
0.623889
0.624481
0.624433
0.624246
0.664352
0.623359
0.62389
0.624238
0.623976
0.75503
0.624313
0.624287
0.624146
0.623779
0.623787
0.624292
0.627588
0.624366
0.623968
0.624148
0.624255
0.713768
0.624316
0.623728
0.624234
0.624546
0.624061
0.624247
0.624058
0.624039
0.623944
0.623906
0.627211
0.624102
0.623871
