0.047497
0.0566978
0.0472469
0.0472381
0.0498002
0.049803
0.0489042
0.0471492
0.0471258
0.047262
0.047184
0.0490811
0.0472009
0.0513499
0.0499558
0.0472381
0.047298
0.047189
0.047281
0.048888
0.0544128
0.047755
0.047143
0.0489261
0.0538981
0.0470769
0.0507998
0.04737
0.047121
0.0471692
0.047364
0.0472741
0.047334
0.0472419
0.0509319
0.0471041
0.049325
0.047153
0.0472181
0.0471821
0.0471771
0.0505662
0.0482469
0.0507021
0.049752
0.0472848
0.04723
0.0472229
0.0516291
0.0471458
0.047586
0.047204
0.0473061
0.0473731
0.0474122
0.0471721
0.0471241
0.04725
0.0473599
0.04723
0.0473249
0.047215
0.0951869
0.0471489
