0.370002
0.370272
0.370132
0.370191
0.370093
0.370124
0.370192
0.371068
0.370299
0.370439
0.370401
0.370373
0.370185
0.37034
0.370323
0.370089
0.383116
0.370209
0.370654
0.370194
0.370179
0.370344
0.370308
0.370215
0.370502
0.370085
0.370202
0.37015
0.370407
0.370468
0.370191
0.370146
0.370307
0.375237
0.370185
0.370302
0.370228
0.370178
0.370258
0.370132
0.370493
0.370106
0.37047
0.37018
0.370896
0.370123
0.37018
0.370251
0.370275
0.370177
0.370113
0.370399
0.370212
0.370185
0.370192
0.369954
0.370226
0.370103
0.370141
0.370206
0.370134
0.370473
0.37095
0.370137
0.370154
0.370152
0.370358
0.453373
0.370293
0.370082
0.370398
0.370255
0.370204
0.370346
0.370068
0.370061
0.370262
0.379989
0.370241
0.370297
0.37016
0.37022
