3.55973
3.59159
3.56512
3.6156
3.54035
3.54305
3.57083
3.58131
3.56186
3.56721
3.54907
3.53081
3.55425
3.56112
3.55271
3.5523
3.69485
3.60715
3.61066
3.62674
3.60206
3.56323
3.71466
3.55632
3.56183
3.61623
3.56681
3.54225
3.53423
3.54319
3.54996
3.54553
3.53929
3.57218
3.58127
3.7719
3.54913
3.54313
3.73712
3.55186
3.62734
3.5459
3.82237
3.54119
3.59795
3.55508
3.54573
3.55334
3.56963
3.56402
3.55588
3.56362
3.61293
3.61939
3.56464
3.5292
3.55106
3.55091
3.53515
3.71732
3.54541
3.54816
3.54635
3.57235
3.55271
3.53983
3.55315
3.54687
3.56832
3.54471
3.5604
3.54646
3.55664
3.56912
3.54655
3.55007
3.55854
3.58287
3.56204
3.62934
