0.029918
0.0561149
0.034271
0.025944
0.024575
0.0239661
0.023941
0.0243411
0.023946
0.023999
0.0238459
0.036056
0.024384
0.0239611
0.0238559
0.024441
0.0239239
0.0240331
0.0239968
0.0275831
0.024013
0.023952
0.0239241
0.02507
0.023988
0.0238771
0.0239561
0.023998
0.0240259
0.0239599
0.0240641
0.0238919
0.0239019
0.024147
0.0240581
0.0239351
0.0251889
0.048702
0.0272601
0.024004
0.023948
0.024024
0.0239971
0.023942
0.023968
0.0240021
0.023988
0.024034
0.0239561
0.0239711
0.0240512
0.02406
0.0240932
0.024049
0.0243359
0.025851
0.02402
0.0242219
0.0264771
0.0239251
0.02408
0.0239751
0.0239949
0.023905
0.0247619
0.0240302
0.0239401
0.024117
0.0239189
0.0239849
0.023912
0.0239842
0.0266149
0.0239539
