0.101841
0.117903
0.100661
0.102298
0.102513
0.101244
0.101327
0.10127
0.101576
0.102281
0.101085
0.101501
0.102142
0.101624
0.102207
0.101707
0.101565
0.101383
0.101908
0.101539
0.10211
0.102063
0.101617
0.101465
0.101435
0.101367
0.106097
0.101699
0.101446
0.102381
0.101714
0.101421
0.101586
0.10685
0.101571
0.101574
0.101949
0.126177
0.101361
0.101789
0.101317
0.101351
0.101408
0.102813
0.12574
0.125961
0.101591
0.101828
0.101598
0.101465
0.101958
0.101475
0.101819
0.101204
0.10161
0.101311
0.101251
0.102341
0.101487
0.101897
0.101763
0.101469
0.101574
0.101278
0.101519
0.102104
0.101754
0.102065
0.101481
0.101388
0.101686
0.101461
0.101698
0.101362
0.101594
0.10123
0.101814
0.101499
0.101455
0.101342
0.101395
0.100954
0.102379
0.101642
0.102053
0.101341
0.102191
0.101356
0.101478
0.101472
0.101295
0.101879
0.101139
0.101858
0.101436
0.101307
0.101355
0.101324
0.101322
0.101311
0.102093
0.102273
0.101447
0.102005
0.101297
0.101621
0.10223
0.101278
0.101939
0.10158
0.101545
0.101349
0.101296
0.101785
0.101564
0.101209
0.102193
0.102192
0.101815
0.101443
0.101619
0.10142
0.101439
0.101395
0.101613
0.101972
0.101663
0.101421
0.101382
0.101001
0.101471
0.101087
0.101499
0.10115
0.101985
0.101544
0.101514
0.125513
0.125807
0.101118
0.101484
0.101732
0.101591
0.101359
0.101278
0.102363
0.101429
0.101728
0.10135
0.101353
0.101453
0.101823
0.101361
0.101944
0.10198
0.101428
0.101536
0.101078
0.101295
0.101446
0.107622
0.101539
0.102
0.101066
0.101566
0.101585
0.101337
0.10166
0.101234
0.101534
0.101874
0.10178
0.101506
0.101685
0.101259
0.101161
0.10142
0.101499
0.101815
0.102109
0.101638
0.101292
0.101476
0.101384
0.101499
0.101694
0.101635
0.101655
0.101734
0.101896
0.101545
0.10153
0.101623
0.101544
0.101239
0.102524
0.101947
0.101575
