0.355157
0.364016
0.342311
0.341758
0.340665
0.341804
0.341667
0.340674
0.34172
0.34118
0.340747
0.340916
0.341291
0.341066
0.341103
0.341169
0.341296
0.34203
0.341023
0.342289
0.34145
0.341127
0.341345
0.34185
0.341464
0.342022
0.34101
0.341889
0.341316
0.341791
0.34091
0.341644
0.34155
0.341798
0.34116
0.341744
0.340601
0.342049
0.340857
0.342427
0.340686
0.341502
0.340853
0.341463
0.340814
0.341611
0.341524
0.34177
0.341611
0.341632
0.341658
0.342104
0.341406
0.341406
0.341531
0.341081
0.341534
0.341201
0.341041
0.341622
0.344782
0.341491
0.341062
0.34117
0.354124
0.341319
0.340902
0.341348
0.340825
0.341559
0.349705
0.341811
0.340646
0.343202
0.340829
0.341343
0.340915
0.341583
0.341021
0.3413
0.340416
0.341364
0.340397
0.341425
0.340512
0.341943
0.341614
