0.202366
0.165414
0.186599
0.18805
0.183949
0.180699
0.191763
0.183963
0.180192
0.187411
0.183613
0.181463
0.187558
0.181238
0.187378
0.187546
0.187871
0.187677
0.187215
0.1882
0.18797
0.187905
0.187957
0.188001
0.187892
0.187915
0.187971
0.187652
0.187932
0.192253
0.188404
0.188308
0.188137
0.18755
0.187595
0.187899
0.187528
0.187736
0.187144
0.187451
0.187629
0.187573
0.18728
0.18726
0.187346
0.187581
0.187853
0.186976
0.187765
0.187851
0.187826
0.187563
0.18717
0.187429
0.187058
0.187325
0.187202
0.187423
0.187102
0.18741
0.187206
0.187319
0.187548
0.188094
0.187853
0.187905
0.187614
0.187748
0.188012
0.188203
0.188255
0.188506
0.188045
0.187976
0.188345
0.188421
0.188143
0.188076
0.187889
0.187826
0.187817
0.187587
0.187421
0.18692
0.187538
0.187517
0.187047
0.187159
0.187171
0.187297
0.187131
0.187183
0.187452
0.187909
0.187264
0.186822
0.187909
0.188077
0.187765
0.187777
0.187609
0.187255
0.187529
0.187777
0.187188
0.187237
0.187876
0.187399
0.18765
0.187122
0.187676
0.187324
0.187852
0.188095
0.187587
0.187828
0.188062
0.187719
0.188069
0.188345
0.192174
0.187914
0.187935
